063541 451.125 421.375
063541 453.75 315.625
063541 451.5 580.875
063541 450.5 369.125
2589cf 1090.17 316.5
2589d0 1089.5 475.375
289e95 1141.75 315.375
566c73 503.75 314.125
566c73 506.667 423.333
566d74 504 368.625
627981 557.375 314.5
637981 557.5 475.375
637981 557 421.125
637981 557.5 528.625
696fc1 1037.25 580.875
6a6fc2 1036.5 314.625
809193 613.5 368.667
809194 611.833 316.833
819294 611 527.875
819502 1196.62 313.25
8f9d9e 664.5 316.125
8f9d9e 665 580.875
8f9e9e 664.5 474.375
909e9e 664 366.875
909e9e 667.333 529.333
b18701 823 421.125
b18701 824.167 316.5
c74a16 877.833 316.833
c84a15 877 528.375
cf3580 983.5 580.375
cf3580 983.25 315.375
d7312e 931 313.125
d8312e 930.5 367.875
ebe5d3 717.5 314.875
ebe6d3 717.5 580.875
ece6d3 715.5 475.375
ece6d3 715.5 529.125
f7f1df 769.75 314.125
f9f2e0 768 471.2
