002b36 398 310
002b36 398 414
073642 450 414
073642 450 310
073642 450 570
073642 450 362
268BD2 1074 310
268BD2 1074 466
2AA198 1126 310
586E75 502 310
586E75 502 414
586E75 502 362
657B83 554 310
657B83 554 466
657B83 554 414
657B83 554 518
6C71C4 1022 570
6C71C4 1022 310
839496 606 362
839496 606 310
839496 606 518
859900 1178 310
93A1A1 658 310
93A1A1 658 570
93A1A1 658 466
93A1A1 658 362
93A1A1 658 518
B58900 814 414
B58900 814 310
CB4B16 866 310
CB4B16 866 518
D33682 970 570
D33682 970 310
DC322F 918 310
DC322F 918 362
EEE8D5 710 310
EEE8D5 710 570
EEE8D5 710 466
EEE8D5 710 518
FDF6E3 762 310
FDF6E3 762 466
