073642 450 400
073642 450 300
073642 450 600
073642 450 350
268BD2 1100 300
268BD2 1100 500
2AA198 1150 300
586E75 500 300
586E75 500 400
586E75 500 350
657B83 550 300
657B83 550 500
657B83 550 400
657B83 550 550
6C71C4 1050 600
6C71C4 1050 300
839496 600 350
839496 600 300
839496 600 550
859900 1200 300
93A1A1 650 300
93A1A1 650 600
93A1A1 650 450
93A1A1 650 350
93A1A1 650 550
B58900 800 400
B58900 800 300
CB4B16 900 300
CB4B16 900 550
D33682 1000 600
D33682 1000 300
DC322F 950 300
DC322F 950 350
EEE8D5 700 300
EEE8D5 700 600
EEE8D5 700 500
EEE8D5 700 550
FDF6E3 750 300
FDF6E3 750 450
