002a35 | 532.833,-0.5 1066.17,-0.5 1599.5,-0.5C 1599.5,299.5 1599.5,599.5 1599.5,899.5C 1066.17,899.5 532.833,899.5 -0.5,899.5C -0.5,599.5 -0.5,299.5 -0.5,-0.5 
627981 | 574.425,299.25 580.925,308.584 575,326.5C 567.693,335.057 559.193,336.557 549.5,331C 540.174,321.292 540.174,311.626 549.5,302C 551.727,301.059 553.727,299.892 555.5,298.5 
809194 | 627.96,299.784 634.126,309.117 628,326.5C 617.486,337.494 607.486,337.161 598,325.5C 593.079,312.682 596.913,303.682 609.5,298.5 
8f9d9e | 677.18,298.015 684.347,305.015 684,319.5C 680.902,330.252 673.735,335.085 662.5,334C 652.316,330.469 647.816,323.302 649,312.5C 651.352,305.65 655.852,300.983 662.5,298.5 
f7f1df | 783.676,298.174 790.843,305.508 790,320.5C 784.613,333.944 775.447,337.444 762.5,331C 755.099,323.968 753.599,315.801 758,306.5C 760.94,302.963 764.44,300.297 768.5,298.5 
b18701 | 840.449,299.27 846.949,308.604 841,326.5C 829.837,337.727 819.504,337.061 810,324.5C 806.02,312.247 809.853,303.581 821.5,298.5 
c74a16 | 893.96,299.784 900.126,309.117 894,326.5C 883.521,337.425 873.521,337.091 864,325.5C 859.079,312.682 862.913,303.682 875.5,298.5 
d7312e | 939.074,298.032 946.241,302.698 950,312.5C 950.5,327.333 943.333,334.5 928.5,334C 916.143,328.943 912.31,320.109 917,307.5C 920.158,303.493 923.992,300.493 928.5,298.5 
cf3580 | 998.301,298.799 1005.13,307.132 1002,323.5C 996.827,333.091 988.994,336.258 978.5,333C 968.208,326.441 965.708,317.607 971,306.5C 973.975,302.952 977.475,300.286 981.5,298.5 
289e95 | 1159.91,299.744 1166.08,309.078 1160,326.5C 1152.69,335.057 1144.19,336.557 1134.5,331C 1126.66,323.435 1125.49,314.935 1131,305.5C 1134.15,302.488 1137.65,300.155 1141.5,298.5 
819502 | 1209.18,298.015 1216.35,305.015 1216,319.5C 1211.61,332.944 1202.78,337.111 1189.5,332C 1178.84,323.353 1177.84,313.686 1186.5,303C 1189.1,301.205 1191.77,299.705 1194.5,298.5 
063541 | 464.153,297.987 471.319,304.987 471,319.5C 469.614,327.22 465.114,332.053 457.5,334C 441.817,333.98 434.984,326.146 437,310.5C 439.769,304.895 443.936,300.895 449.5,298.5 
6a6fc2 | 1049.68,298.174 1056.84,305.508 1056,320.5C 1051.73,332.217 1043.57,336.384 1031.5,333C 1021.32,326.395 1018.82,317.561 1024,306.5C 1026.94,302.963 1030.44,300.297 1034.5,298.5 
2589cf | 1106.45,299.27 1112.95,308.604 1107,326.5C 1095.87,337.67 1085.54,337.003 1076,324.5C 1071.96,312.251 1075.79,303.584 1087.5,298.5 
566c73 | 517.676,298.174 524.843,305.508 524,320.5C 518.613,333.944 509.447,337.444 496.5,331C 489.099,323.968 487.599,315.801 492,306.5C 494.94,302.963 498.44,300.297 502.5,298.5 
ebe5d3 | 731.175,298.339 738.342,306.006 737,321.5C 732.21,332.478 724.044,336.311 712.5,333C 702.208,326.441 699.708,317.607 705,306.5C 707.975,302.952 711.475,300.286 715.5,298.5 
809193 | 620.537,350.005 628.87,355.672 631.5,369.5C 627.705,386.064 618.038,390.897 602.5,384C 592.152,371.972 593.485,361.472 606.5,352.5 
909e9e | 671.96,350.476 679.793,354.81 684,365.5C 684.649,381.184 677.149,388.351 661.5,387C 650.759,382.121 646.926,373.955 650,362.5C 652.738,358.26 656.238,354.926 660.5,352.5 
d8312e | 941.644,350.822 949.478,357.489 950,372.5C 946.737,383.744 939.237,388.577 927.5,387C 915.049,381.028 911.883,371.861 918,359.5C 920.441,356.546 923.275,354.213 926.5,352.5 
063541 | 465.576,350.74 473.076,358.74 470,376.5C 464.835,386.114 457.001,389.28 446.5,386C 436.76,380.333 433.927,372.167 438,361.5C 440.406,357.592 443.572,354.592 447.5,352.5 
566d74 | 519.127,350.956 526.627,359.29 523,377.5C 517.328,386.28 509.495,389.113 499.5,386C 488.908,378.825 486.742,369.658 493,358.5C 495.478,356.361 497.978,354.361 500.5,352.5 
637981 | 572.745,404.567 579.912,412.9 576,430.5C 569.892,440.737 561.392,443.237 550.5,438C 541.444,429.827 540.277,420.66 547,410.5C 549.479,408.686 551.979,407.019 554.5,405.5 
b18701 | 838.722,404.546 845.889,412.879 842,430.5C 835.802,440.452 827.302,442.952 816.5,438C 807.247,429.889 806.08,420.722 813,410.5C 815.479,408.686 817.979,407.019 820.5,405.5 
063541 | 461.587,403.604 469.587,409.604 471.5,423.5C 469.308,436.515 461.641,442.015 448.5,440C 438.012,435.58 434.179,427.746 437,416.5C 439.357,411.645 442.857,407.979 447.5,405.5 
566c73 | 518.338,404.17 525.838,411.837 524,428.5C 516.75,441.104 506.917,443.604 494.5,436C 485.987,423.124 488.32,412.958 501.5,405.5 
637981 | 572.416,457.687 579.582,466.02 576,483.5C 571.275,491.864 564.108,495.03 554.5,493C 543.168,487.202 540.001,478.368 545,466.5C 547.772,463.217 550.939,460.55 554.5,458.5 
8f9e9e | 677.178,457.679 684.678,465.012 684,480.5C 679.788,491.357 671.954,495.524 660.5,493C 648.542,486.597 645.708,477.43 652,465.5C 654.825,462.524 657.992,460.191 661.5,458.5 
f9f2e0 | 778.045,456.855 785.545,460.855 790,470.5C 791.662,487.771 783.829,495.271 766.5,493C 757.504,488.171 754.004,480.671 756,470.5C 757.08,468.004 758.414,465.67 760,463.5C 762.479,461.686 764.979,460.019 767.5,458.5 
2589d0 | 1104.42,457.687 1111.58,466.02 1108,483.5C 1103.27,491.864 1096.11,495.03 1086.5,493C 1075.02,487.235 1071.85,478.402 1077,466.5C 1079.77,463.217 1082.94,460.55 1086.5,458.5 
ece6d3 | 731.984,458.142 739.151,466.476 736,483.5C 728.825,494.092 719.658,496.258 708.5,490C 702.883,484.289 701.05,477.455 703,469.5C 705.412,464.252 709.246,460.586 714.5,458.5 
637981 | 572.99,511.819 579.823,520.486 576,537.5C 570.64,545.625 563.14,548.458 553.5,546C 542.506,539.834 539.673,531 545,519.5C 547.975,515.952 551.475,513.286 555.5,511.5 
909e9e | 676.67,510.508 684.17,517.508 684,532.5C 678.97,546.096 669.804,549.929 656.5,544C 644.708,531.04 646.375,520.207 661.5,511.5 
ece6d3 | 733.366,511.52 740.199,520.52 735,538.5C 728.054,546.912 719.554,548.745 709.5,544C 702.963,538.245 700.797,531.078 703,522.5C 705.495,517.353 709.329,513.686 714.5,511.5 
c84a15 | 892.097,511.698 898.931,520.365 895,537.5C 889.955,545.409 882.788,548.242 873.5,546C 861.628,539.687 858.795,530.52 865,518.5C 867.79,515.535 870.957,513.202 874.5,511.5 
819294 | 625.389,510.886 632.556,518.886 630,535.5C 625.061,545.157 617.228,548.657 606.5,546C 595.502,539.176 593.002,530.009 599,518.5C 601.79,515.535 604.957,513.202 608.5,511.5 
063541 | 465.155,564.319 472.321,571.986 471,587.5C 466.2,598.483 458.033,602.317 446.5,599C 436.197,592.47 433.697,583.637 439,572.5C 441.94,568.963 445.44,566.297 449.5,564.5 
8f9d9e | 677.18,564.015 684.347,571.015 684,585.5C 680.902,596.252 673.735,601.085 662.5,600C 650.131,594.898 646.298,586.065 651,573.5C 654.045,569.406 657.878,566.406 662.5,564.5 
cf3580 | 996.189,564.024 1003.36,571.024 1003,585.5C 999.282,597.864 991.115,602.364 978.5,599C 968.208,592.441 965.708,583.607 971,572.5C 973.855,568.789 977.355,566.123 981.5,564.5 
696fc1 | 1049.68,564.174 1056.84,571.508 1056,586.5C 1052.62,596.945 1045.45,601.445 1034.5,600C 1021.95,594.339 1018.45,585.173 1024,572.5C 1026.98,568.952 1030.48,566.286 1034.5,564.5 
ebe6d3 | 731.165,564.329 738.332,571.996 737,587.5C 732.21,598.478 724.044,602.311 712.5,599C 702.208,592.441 699.708,583.607 705,572.5C 707.855,568.789 711.355,566.123 715.5,564.5 
